200
-714
-1061
592
559
668
558
342
-1029
781
-252
-182
-781
281
665
-780
290
-214
79
308
-996
-421
-695
141
-240
-164
-919
-388
771
-981
-1039
-998
-900
-569
-399
-53
-183
-465
-717
618
-682
318
-922
803
-686
-322
-380
552
-689
-555
-1095
-1064
-467
582
198
-970
818
149
737
-33
375
-371
741
119
-449
-286
820
-447
402
64
-904
755
-780
-969
876
18
-381
-862
-523
-483
641
737
-166
-167
664
-242
-110
-927
616
-63
-379
-626
-680
741
262
-317
-637
-819
594
456
740
209
569
-444
584
675
823
340
-891
-847
613
-545
-362
545
408
894
-684
303
-605
381
-92
80
743
-1063
-735
-1050
258
481
425
-577
172
-817
115
637
-857
818
-942
780
-293
-496
-260
15
569
-797
-160
-72
-855
426
-138
-912
85
-89
414
-821
-492
-25
-263
358
-141
-1082
-182
833
-307
-901
-763
284
-679
758
-680
14
-447
-178
-560
698
890
879
689
253
-795
726
-48
-945
557
714
541
73
462
81
778
307
642
-946
783
-622
382
236
-222
-546
575
-732
-957
